[DAT]

PTH={
"res://addons/AutoSizeText/": Object(ImageTexture,"resource_local_to_scene":false,"resource_name":"","image":Object(Image,"resource_local_to_scene":false,"resource_name":"","data":{
"data": PackedByteArray(0, 0, 0, 0, 0, 0, 0, 0, 0, 0, 0, 0, 0, 0, 0, 0, 127, 92, 2, 0, 253, 185, 6, 203, 253, 185, 6, 204, 191, 139, 5, 0, 0, 0, 0, 0, 0, 0, 0, 0, 0, 0, 0, 0, 0, 0, 0, 0, 0, 0, 0, 0, 0, 0, 0, 0, 0, 0, 0, 0, 0, 0, 0, 0, 255, 183, 7, 0, 254, 186, 7, 255, 254, 185, 7, 255, 255, 185, 6, 0, 0, 0, 0, 0, 0, 0, 0, 0, 0, 0, 0, 0, 0, 0, 0, 0, 0, 0, 0, 0, 0, 0, 0, 0, 0, 0, 0, 0, 147, 107, 4, 0, 254, 186, 6, 210, 254, 185, 7, 255, 254, 185, 6, 255, 254, 184, 5, 210, 148, 107, 3, 0, 0, 0, 0, 0, 0, 0, 0, 0, 0, 0, 0, 0, 0, 0, 0, 0, 0, 0, 0, 0, 0, 0, 0, 0, 255, 184, 6, 0, 254, 185, 7, 255, 212, 158, 21, 255, 212, 158, 18, 255, 254, 185, 6, 255, 255, 183, 5, 0, 0, 0, 0, 0, 0, 0, 0, 0, 0, 0, 0, 0, 0, 0, 0, 0, 0, 0, 0, 0, 233, 168, 6, 0, 253, 184, 6, 240, 254, 185, 6, 255, 81, 76, 63, 255, 78, 73, 58, 255, 254, 185, 6, 255, 253, 185, 5, 242, 234, 169, 6, 0, 0, 0, 0, 0, 0, 0, 0, 0, 0, 0, 0, 0, 0, 0, 0, 0, 254, 185, 6, 0, 254, 185, 6, 255, 254, 185, 6, 255, 85, 77, 58, 255, 83, 75, 53, 255, 254, 185, 6, 255, 254, 185, 6, 255, 254, 183, 5, 0, 0, 0, 0, 0, 0, 0, 0, 0, 0, 0, 0, 0, 190, 138, 4, 0, 254, 184, 6, 242, 254, 185, 6, 255, 254, 185, 6, 255, 89, 78, 52, 255, 89, 78, 49, 255, 254, 185, 6, 255, 254, 184, 6, 255, 254, 184, 6, 242, 190, 138, 4, 0, 0, 0, 0, 0, 0, 0, 0, 0, 255, 184, 5, 0, 254, 185, 6, 255, 254, 185, 6, 255, 254, 185, 6, 255, 107, 89, 43, 255, 122, 98, 36, 255, 254, 184, 6, 255, 254, 184, 6, 255, 254, 184, 6, 255, 255, 184, 5, 0, 0, 0, 0, 0, 255, 183, 5, 0, 253, 184, 5, 249, 254, 185, 6, 255, 254, 185, 6, 255, 254, 185, 6, 255, 254, 185, 6, 255, 254, 184, 6, 255, 254, 184, 6, 255, 254, 184, 6, 255, 254, 184, 6, 255, 253, 184, 6, 250, 255, 183, 3, 0, 255, 185, 5, 0, 254, 185, 6, 255, 254, 185, 6, 255, 254, 185, 6, 255, 254, 185, 6, 255, 48, 47, 44, 255, 46, 45, 43, 255, 254, 184, 6, 255, 254, 184, 6, 255, 254, 184, 6, 255, 254, 184, 5, 255, 255, 185, 2, 0, 254, 185, 6, 255, 254, 185, 6, 255, 254, 185, 6, 255, 254, 185, 6, 255, 254, 184, 6, 255, 250, 181, 6, 255, 247, 179, 7, 255, 254, 184, 6, 255, 254, 184, 6, 255, 254, 184, 5, 255, 254, 183, 5, 255, 254, 183, 5, 255, 254, 185, 6, 255, 254, 185, 6, 255, 254, 185, 6, 255, 254, 184, 6, 255, 254, 184, 6, 255, 254, 184, 6, 255, 254, 184, 6, 255, 254, 184, 6, 255, 254, 184, 5, 255, 254, 183, 5, 255, 254, 183, 5, 255, 254, 183, 5, 255),
"format": "RGBA8",
"height": 12,
"mipmaps": false,
"width": 12
},"script":null)
,"script":null,"metadata/path":"res://addons/fancy_folder_icons/samples/warning.png")
,
"res://addons/divisor/": Resource("res://addons/script-ide/icon/signal.svg"),
"res://addons/favorite_dock/": Object(ImageTexture,"resource_local_to_scene":false,"resource_name":"","image":Object(Image,"resource_local_to_scene":false,"resource_name":"","data":{
"data": PackedByteArray(0, 0, 0, 0, 0, 0, 0, 0, 0, 0, 0, 0, 0, 0, 0, 0, 0, 0, 0, 0, 0, 0, 0, 0, 0, 0, 0, 0, 0, 0, 0, 0, 0, 0, 0, 0, 0, 0, 0, 0, 0, 0, 0, 0, 0, 0, 0, 0, 0, 0, 0, 0, 0, 0, 0, 0, 0, 0, 0, 0, 0, 0, 0, 0, 0, 0, 0, 0, 0, 0, 0, 0, 0, 0, 0, 0, 0, 0, 0, 0, 0, 0, 0, 0, 0, 0, 0, 0, 0, 0, 0, 0, 0, 0, 0, 0, 0, 0, 0, 0, 0, 0, 0, 0, 0, 0, 0, 0, 0, 0, 0, 0, 0, 0, 0, 0, 0, 0, 0, 0, 0, 0, 0, 0, 0, 0, 0, 0, 0, 0, 0, 0, 0, 0, 0, 0, 0, 0, 0, 0, 0, 0, 0, 0, 0, 0, 0, 0, 0, 0, 0, 0, 0, 0, 0, 0, 0, 0, 0, 255, 0, 0, 0, 0, 0, 0, 0, 0, 0, 0, 0, 0, 0, 0, 0, 0, 0, 0, 0, 0, 0, 0, 0, 0, 0, 0, 0, 0, 0, 0, 0, 0, 0, 0, 0, 0, 0, 0, 0, 0, 0, 0, 0, 0, 0, 0, 0, 255, 0, 0, 0, 255, 0, 0, 0, 255, 0, 0, 0, 255, 0, 0, 0, 255, 0, 0, 0, 255, 0, 0, 0, 0, 0, 0, 0, 0, 0, 0, 0, 0, 0, 0, 0, 0, 0, 0, 0, 0, 0, 0, 0, 0, 0, 0, 0, 255, 0, 0, 0, 255, 0, 0, 0, 255, 0, 0, 0, 255, 0, 0, 0, 255, 0, 0, 0, 255, 0, 0, 0, 0, 0, 0, 0, 0, 0, 0, 0, 0, 0, 0, 0, 0, 0, 0, 0, 0, 0, 0, 0, 0, 0, 0, 0, 255, 0, 0, 0, 255, 0, 0, 0, 255, 0, 0, 0, 255, 0, 0, 0, 255, 0, 0, 0, 255, 0, 0, 0, 0, 0, 0, 0, 0, 0, 0, 0, 0, 0, 0, 0, 0, 0, 0, 0, 0, 0, 0, 0, 0, 0, 0, 0, 255, 0, 0, 0, 0, 0, 0, 0, 255, 0, 0, 0, 255, 0, 0, 0, 201, 0, 0, 0, 255, 0, 0, 0, 0, 0, 0, 0, 0, 0, 0, 0, 0, 0, 0, 0, 0, 0, 0, 0, 0, 0, 0, 0, 0, 0, 0, 0, 0, 0, 0, 0, 255, 0, 0, 0, 255, 0, 0, 0, 255, 0, 0, 0, 255, 0, 0, 0, 0, 0, 0, 0, 0, 0, 0, 0, 0, 0, 0, 0, 0, 0, 0, 0, 0, 0, 0, 0, 0, 0, 0, 0, 0, 0, 0, 0, 0, 0, 0, 0, 0, 0, 0, 0, 0, 0, 0, 0, 0, 0, 0, 0, 0, 0, 0, 0, 0, 0, 0, 0, 0, 0, 0, 0, 0, 0, 0, 0, 0, 0, 0, 0, 0, 0, 0, 0, 0, 0, 0, 0, 0, 0, 0, 0, 0, 0, 0, 0, 0, 0, 0, 0, 0, 0, 0, 0, 0, 0, 0, 0, 0, 0, 0, 0, 0, 0, 0, 0, 0, 0, 0, 0, 0, 0, 0, 0, 0, 0, 0, 0, 0, 0, 0, 0, 0, 0, 0, 0, 0, 0, 0, 0, 0, 0, 0, 0, 0, 0, 0, 0, 0, 0, 0, 0, 0, 0, 0, 0, 0, 0, 0, 0, 0, 0, 0, 0, 0, 0, 0, 0, 0, 0, 0, 0, 0),
"format": "RGBA8",
"height": 12,
"mipmaps": false,
"width": 12
},"script":null)
,"script":null,"metadata/path":"res://Free Batman Mask Vector #4 SVG.svg")
,
"res://addons/favorite_dock_embedded/": Object(ImageTexture,"resource_local_to_scene":false,"resource_name":"","image":Object(Image,"resource_local_to_scene":false,"resource_name":"","data":{
"data": PackedByteArray(244, 78, 89, 255, 243, 76, 87, 255, 242, 74, 86, 255, 242, 73, 84, 255, 241, 71, 83, 255, 241, 69, 81, 255, 240, 68, 80, 255, 240, 66, 78, 255, 239, 64, 77, 255, 238, 62, 75, 255, 238, 61, 74, 255, 237, 58, 72, 255, 243, 76, 87, 255, 242, 74, 86, 255, 242, 73, 84, 255, 241, 71, 83, 255, 241, 69, 81, 255, 240, 68, 80, 255, 240, 66, 78, 255, 239, 64, 77, 255, 238, 62, 75, 255, 238, 61, 74, 255, 237, 59, 72, 255, 237, 56, 70, 255, 242, 74, 86, 255, 242, 73, 84, 255, 241, 71, 83, 255, 241, 69, 81, 255, 240, 68, 80, 255, 240, 66, 78, 255, 239, 64, 77, 255, 238, 62, 75, 255, 238, 60, 74, 255, 237, 58, 72, 255, 237, 56, 70, 255, 236, 54, 68, 255, 242, 73, 84, 255, 241, 71, 83, 255, 241, 69, 81, 255, 247, 219, 221, 255, 225, 113, 120, 255, 239, 64, 77, 255, 238, 62, 75, 255, 224, 106, 114, 255, 247, 220, 222, 255, 237, 56, 70, 255, 236, 54, 68, 255, 235, 52, 66, 255, 241, 71, 83, 255, 241, 69, 81, 255, 240, 68, 80, 255, 225, 109, 116, 255, 255, 255, 255, 255, 225, 111, 119, 255, 224, 106, 114, 255, 255, 255, 255, 255, 224, 106, 116, 255, 236, 54, 68, 255, 235, 52, 66, 255, 235, 50, 64, 255, 241, 69, 81, 255, 240, 68, 80, 255, 240, 66, 78, 255, 239, 64, 77, 255, 224, 106, 115, 255, 255, 255, 255, 255, 255, 255, 255, 255, 224, 106, 116, 255, 236, 54, 68, 255, 235, 52, 66, 255, 235, 50, 64, 255, 234, 48, 62, 255, 240, 68, 80, 255, 240, 66, 78, 255, 239, 64, 77, 255, 238, 62, 75, 255, 224, 106, 114, 255, 255, 255, 255, 255, 255, 255, 255, 255, 223, 105, 114, 255, 235, 52, 66, 255, 235, 50, 64, 255, 234, 48, 62, 255, 233, 45, 60, 255, 240, 66, 78, 255, 239, 64, 77, 255, 238, 62, 75, 255, 224, 106, 114, 255, 255, 255, 255, 255, 224, 106, 116, 255, 222, 101, 111, 255, 255, 255, 255, 255, 222, 103, 112, 255, 234, 48, 62, 255, 233, 46, 60, 255, 233, 43, 58, 255, 239, 64, 77, 255, 238, 62, 75, 255, 238, 60, 74, 255, 246, 218, 220, 255, 224, 106, 116, 255, 236, 54, 68, 255, 235, 52, 66, 255, 222, 99, 108, 255, 246, 218, 220, 255, 233, 45, 60, 255, 233, 43, 58, 255, 232, 41, 56, 255, 238, 62, 75, 255, 238, 61, 74, 255, 237, 58, 72, 255, 237, 56, 70, 255, 236, 54, 68, 255, 235, 52, 66, 255, 235, 50, 64, 255, 234, 48, 62, 255, 233, 45, 60, 255, 233, 43, 58, 255, 232, 41, 56, 255, 231, 39, 54, 255, 238, 61, 74, 255, 237, 59, 72, 255, 237, 56, 70, 255, 236, 54, 68, 255, 235, 52, 66, 255, 235, 50, 64, 255, 234, 48, 62, 255, 233, 46, 60, 255, 233, 43, 58, 255, 232, 41, 56, 255, 231, 39, 55, 255, 231, 37, 52, 255, 237, 58, 72, 255, 237, 56, 70, 255, 236, 54, 68, 255, 235, 52, 66, 255, 235, 50, 64, 255, 234, 48, 62, 255, 233, 45, 60, 255, 233, 43, 58, 255, 232, 41, 56, 255, 231, 39, 54, 255, 231, 37, 52, 255, 230, 35, 50, 255),
"format": "RGBA8",
"height": 12,
"mipmaps": false,
"width": 12
},"script":null)
,"script":null,"metadata/path":"res://addons/fancy_folder_icons/samples/cancel.png")

}
